                   32
                 3686
                 3687
                 3688
                 3689
                 3753
                 3754
                 3755
                 3756
                 3757
                 3820
                 3821
                 3822
                 3823
                 3824
                 3887
                 3888
                 3889
                 3890
                 3891
                 3954
                 3955
                 3956
                 3957
                 3958
                 4021
                 4022
                 4023
                 4024
                 4087
                 4088
                 4089
                 4090
