                   27
                 3887
                 3888
                 3889
                 3954
                 3955
                 3956
                 3957
                 4021
                 4022
                 4023
                 4024
                 4087
                 4088
                 4089
                 4090
                 4153
                 4154
                 4155
                 4156
                 4219
                 4220
                 4221
                 4222
                 4285
                 4286
                 4287
                 4288
