                   45
                 3889
                 3890
                 3891
                 3892
                 3893
                 3956
                 3957
                 3958
                 3959
                 3960
                 3961
                 4022
                 4023
                 4024
                 4025
                 4026
                 4027
                 4028
                 4088
                 4089
                 4090
                 4091
                 4092
                 4093
                 4094
                 4154
                 4155
                 4156
                 4157
                 4158
                 4159
                 4160
                 4220
                 4221
                 4222
                 4223
                 4224
                 4225
                 4226
                 4287
                 4288
                 4289
                 4290
                 4291
                 4292
