                   27
                 4154
                 4155
                 4156
                 4157
                 4158
                 4220
                 4221
                 4222
                 4223
                 4224
                 4225
                 4286
                 4287
                 4288
                 4289
                 4290
                 4291
                 4292
                 4352
                 4353
                 4354
                 4355
                 4356
                 4357
                 4358
                 4417
                 4418
