                   32
                 4157
                 4158
                 4159
                 4160
                 4161
                 4162
                 4223
                 4224
                 4225
                 4226
                 4227
                 4228
                 4229
                 4289
                 4290
                 4291
                 4292
                 4293
                 4294
                 4295
                 4355
                 4356
                 4357
                 4358
                 4359
                 4360
                 4361
                 4417
                 4418
                 4419
                 4420
                 4421
